0.572190 0.499093 0.511410 0.271386 0.020898 0.707532 0.065927 0.999996 0.243423 0.385908 0.199375 0.639038 0.013730 0.545242 0.548210 0.355612 0.176935 0.400404 0.358282 0.229253 0.993120 0.207152 0.038840 0.921395 0.265885 0.014328
0.301142 0.528318 0.929680 0.536411 0.989354 0.512304 0.491349 0.104866 0.517354 0.075854 0.468917 0.078920 0.475954 0.547086 0.157631 0.687573 0.080181 0.913661 0.811351 0.608376 0.359340 0.605787 0.105397 0.399887 0.729785 0.595245
0.954106 0.948587 0.555198 0.457392 0.078182 0.076297 0.883520 0.548667 0.540291 0.562337 0.817965 0.326790 0.406117 0.057415 0.435399 0.370761 0.185642 0.394589 0.849835 0.619586 0.253030 0.512314 0.124399 0.818726 0.015646 0.633067
0.608445 0.533015 0.236421 0.959796 0.781469 0.806970 0.058201 0.425768 0.284235 0.521335 0.371203 0.580946 0.707699 0.286651 0.973037 0.234468 0.704233 0.934474 0.799170 0.190610 0.193093 0.224237 0.207807 0.961973 0.387084 0.504294
0.038993 0.408226 0.746277 0.077339 0.729884 0.704633 0.167572 0.064002 0.755786 0.317894 0.849291 0.959923 0.968895 0.972281 0.735006 0.878939 0.687764 0.875804 0.953173 0.874898 0.303879 0.762932 0.659322 0.352053 0.440828 0.424923
0.657479 0.053976 0.797315 0.244443 0.742393 0.916812 0.005276 0.915556 0.161924 0.502780 0.725541 0.030609 0.434154 0.584128 0.474373 0.177167 0.646234 0.554405 0.870253 0.502841 0.085512 0.409530 0.331430 0.229965 0.583830 0.914104
0.499946 0.108669 0.889373 0.389756 0.936068 0.078080 0.936839 0.761231 0.683971 0.349727 0.736787 0.128345 0.318548 0.165214 0.360542 0.745315 0.074305 0.477764 0.180855 0.837125 0.447782 0.693499 0.239263 0.621803 0.724123 0.038547
0.798614 0.144028 0.947598 0.641289 0.933493 0.540657 0.929867 0.722945 0.570095 0.852115 0.338875 0.770232 0.902160 0.593126 0.161908 0.109744 0.774939 0.221088 0.464959 0.787645 0.617451 0.997022 0.734919 0.941924 0.319383 0.333277
0.491858 0.732537 0.460984 0.679687 0.254772 0.016469 0.477793 0.607812 0.322645 0.606984 0.454269 0.281228 0.023404 0.285786 0.434800 0.052123 0.861858 0.482293 0.856544 0.395302 0.834010 0.946768 0.856527 0.045138 0.962352 0.357028
0.851762 0.634099 0.836035 0.413713 0.680378 0.922132 0.503056 0.667585 0.447972 0.019749 0.407619 0.363481 0.879751 0.041396 0.792652 0.496005 0.662006 0.933054 0.758490 0.277481 0.901319 0.196299 0.845062 0.651570 0.084386 0.687777
0.051482 0.470085 0.043684 0.946698 0.198773 0.447699 0.877308 0.360446 0.540742 0.696630 0.814307 0.754299 0.070461 0.223249 0.772782 0.955259 0.453932 0.837289 0.265191 0.522046 0.274080 0.937554 0.379549 0.322989 0.464217 0.024854
0.143141 0.968206 0.121465 0.015502 0.161100 0.702089 0.664207 0.154325 0.747268 0.224402 0.343052 0.326919 0.684010 0.999312 0.050388 0.616156 0.695462 0.520680 0.296767 0.449548 0.548324 0.022897 0.181779 0.754440 0.425315 0.862187
0.696469 0.361758 0.829494 0.866167 0.450327 0.124471 0.349901 0.173796 0.562941 0.107489 0.863827 0.238913 0.570231 0.513378 0.001922 0.822025 0.165571 0.422576 0.650651 0.717069 0.097618 0.371566 0.836574 0.334884 0.956004 0.082666
0.129575 0.446754 0.842503 0.797621 0.943397 0.464171 0.348978 0.496568 0.898241 0.193118 0.688758 0.967731 0.007149 0.757086 0.854955 0.417063 0.493656 0.073654 0.750936 0.642052 0.654404 0.899623 0.827991 0.030071 0.766401 0.340694
0.933608 0.719799 0.667472 0.680635 0.287440 0.661577 0.783133 0.683951 0.954274 0.073788 0.422269 0.180480 0.075083 0.605186 0.193713 0.266418 0.548196 0.748826 0.180729 0.333432 0.638724 0.409134 0.235015 0.765652 0.934861 0.783206
0.073978 0.066568 0.019007 0.374202 0.901401 0.778800 0.628120 0.385309 0.005569 0.469862 0.077770 0.288073 0.362491 0.772682 0.863742 0.228688 0.623735 0.699518 0.264616 0.931775 0.358936 0.310624 0.570245 0.316831 0.111174 0.284072
0.670383 0.803609 0.174633 0.955335 0.660834 0.187461 0.514709 0.622177 0.889884 0.849898 0.572320 0.923543 0.924930 0.011082 0.664061 0.935618 0.932614 0.453564 0.659965 0.568364 0.834883 0.161868 0.004198 0.191664 0.594432 0.824940
0.245920 0.746950 0.102703 0.766475 0.966688 0.621519 0.790712 0.111764 0.899604 0.076798 0.355485 0.782766 0.259442 0.351005 0.606986 0.114632 0.100287 0.610612 0.679383 0.443444 0.206009 0.229502 0.507198 0.706699 0.557325 0.467543
0.297179 0.826636 0.981665 0.737905 0.346534 0.910248 0.021501 0.906171 0.114502 0.027643 0.812002 0.643894 0.914541 0.440084 0.863157 0.232563 0.568143 0.885355 0.377382 0.358710 0.307445 0.964039 0.277353 0.815263 0.480817 0.572460
0.892544 0.541158 0.796282 0.139862 0.879717 0.565877 0.278277 0.050053 0.291370 0.928261 0.239769 0.619815 0.372307 0.370060 0.837000 0.441177 0.469744 0.717281 0.754727 0.736962 0.655522 0.512965 0.814548 0.588843 0.164297 0.542685
0.501124 0.302783 0.854872 0.089037 0.113631 0.781459 0.199687 0.421703 0.952344 0.119261 0.063948 0.487891 0.898773 0.845800 0.310922 0.698047 0.680897 0.924236 0.915443 0.443123 0.389990 0.418163 0.100099 0.743482 0.770743 0.647296
0.303867 0.497243 0.730276 0.944562 0.033015 0.765744 0.852808 0.400443 0.193094 0.048252 0.564347 0.472829 0.716246 0.776229 0.723037 0.255653 0.944286 0.380761 0.342965 0.088789 0.879054 0.652340 0.781802 0.053520 0.456669 0.325209
0.236597 0.997278 0.937186 0.038245 0.451262 0.566102 0.878070 0.102710 0.582671 0.822480 0.656716 0.863590 0.155481 0.758150 0.795150 0.594693 0.304087 0.220038 0.519294 0.851402 0.799338 0.611805 0.917174 0.964482 0.323066 0.000725
0.207240 0.729413 0.240105 0.192141 0.883824 0.033442 0.899692 0.115815 0.049236 0.639373 0.531911 0.072450 0.133873 0.391295 0.130074 0.524032 0.783939 0.247925 0.955886 0.144623 0.639313 0.431295 0.684252 0.439581 0.548638 0.648589
0.167072 0.562735 0.679870 0.561981 0.318178 0.297585 0.461336 0.946737 0.346128 0.185877 0.749939 0.633195 0.487386 0.289270 0.282322 0.166497 0.686886 0.596661 0.184778 0.824065 0.789188 0.176092 0.934436 0.021381 0.657583 0.435321
0.560594 0.922101 0.860279 0.190777 0.093208 0.923224 0.972858 0.803680 0.590705 0.963141 0.676292 0.184678 0.573436 0.341027 0.234506 0.768041 0.707763 0.607137 0.307568 0.748426 0.491693 0.419121 0.542303 0.720971 0.062615 0.444344